image_width: 640
image_height: 488
camera_name: depth_A70774V00796316A
camera_matrix:
  rows: 3
  cols: 3
  data: [758.995477, 0.000000, 524.712790, 0.000000, 649.892522, 279.930507, 0.000000, 0.000000, 1.000000]
distortion_model: plumb_bob
distortion_coefficients:
  rows: 1
  cols: 5
  data: [-0.022421, 0.075780, 0.000700, 0.100995, 0.000000]
rectification_matrix:
  rows: 3
  cols: 3
  data: [1.000000, 0.000000, 0.000000, 0.000000, 1.000000, 0.000000, 0.000000, 0.000000, 1.000000]
projection_matrix:
  rows: 3
  cols: 4
  data: [616.066528, 0.000000, 560.389953, 0.000000, 0.000000, 666.123596, 280.280928, 0.000000, 0.000000, 0.000000, 1.000000, 0.000000]
