image_width: 640
image_height: 480
camera_name: rgb_A70774V00796316A
camera_matrix:
  rows: 3
  cols: 3
  data: [497.861748, 0.000000, 322.078559, 0.000000, 498.571044, 275.664205, 0.000000, 0.000000, 1.000000]
distortion_model: plumb_bob
distortion_coefficients:
  rows: 1
  cols: 5
  data: [-0.050239, -0.110990, 0.019902, -0.015211, 0.000000]
rectification_matrix:
  rows: 3
  cols: 3
  data: [1.000000, 0.000000, 0.000000, 0.000000, 1.000000, 0.000000, 0.000000, 0.000000, 1.000000]
projection_matrix:
  rows: 3
  cols: 4
  data: [475.226532, 0.000000, 310.086858, 0.000000, 0.000000, 482.534180, 285.691473, 0.000000, 0.000000, 0.000000, 1.000000, 0.000000]
